5483;
80,3,137;
36,3,61;
72,4,103;
89,3,153;
61,4,88;
46,4,64;
99,4,139;
51,3,87;
84,3,147;
77,3,135;
73,4,102;
90,4,129;
20,3,33;
37,4,51;
17,4,26;
60,4,83;
3,3,7;
75,3,131;
100,3,175;
73,3,128;
76,3,130;
24,4,32;
89,4,127;
40,3,68;
98,4,140;
53,3,90;
69,4,99;
1,4,3;
31,4,42;
89,3,153;
4,3,5;
25,3,45;
16,4,21;
79,4,110;
85,4,119;
64,4,89;
71,3,121;
87,4,125;
66,3,116;
11,3,18;
66,3,113;
92,4,132;
64,4,92;
80,3,137;
79,3,138;
6,4,7;
68,3,119;
81,3,139;
45,3,79;
96,3,168;
31,4,42;
58,3,102;
84,4,120;
14,3,23;
50,3,88;
55,3,94;
76,3,133;
10,4,13;
99,3,173;
37,4,51;
37,3,66;
14,3,23;
41,3,73;
82,4,117;
86,3,150;
16,4,21;
35,3,62;
29,3,49;
28,4,41;
76,4,109;
89,3,153;
8,3,15;
92,3,158;
78,3,137;
38,4,55;
36,3,61;
58,4,84;
55,4,76;
10,4,16;
14,3,26;
69,3,118;
51,4,71;
77,4,107;
36,4,49;
86,4,123;
23,4,31;
63,3,108;
76,4,106;
73,4,105;
89,3,156;
85,4,119;
15,3,24;
26,3,47;
62,3,106;
10,3,16;
60,4,86;
82,3,141;
22,3,37;
32,4,44;
85,3,146;
32,4,44;
10,4,13;
46,3,78;
27,3,45;
26,3,44;
49,3,86;
18,4,24;
98,4,140;
52,3,92;
55,3,94;
1,3,0;
43,3,76;
69,4,99;
14,4,18;
99,4,142;
12,4,15;
62,4,86;
53,3,90;
93,4,130;
68,4,98;
19,4,25;
33,4,45;
96,4,137;
63,4,88;
26,4,35;
69,4,99;
22,4,30;
76,4,109;
88,4,123;
44,4,64;
89,4,124;
82,3,144;
9,3,14;
35,3,59;
82,3,144;
62,3,106;
67,4,96;
30,3,53;
23,3,41;
89,4,127;
83,4,119;
74,3,127;
26,4,35;
76,3,133;
23,3,38;
53,3,90;
97,4,136;
12,3,22;
62,3,106;
24,4,32;
25,4,34;
52,3,92;
82,4,114;
25,3,45;
52,4,75;
3,4,3;
94,4,134;
5,3,7;
56,3,95;
6,4,7;
23,3,41;
60,4,86;
10,3,16;
61,3,104;
68,4,95;
39,4,54;
62,4,86;
97,4,136;
3,4,6;
5,3,10;
88,4,123;
12,4,15;
100,3,175;
26,3,44;
25,3,42;
63,4,91;
28,3,50;
91,3,159;
64,4,92;
94,4,134;
11,3,18;
53,4,76;
90,4,126;
57,4,79;
45,4,65;
15,4,23;
93,4,130;
9,4,14;
71,4,99;
44,3,75;
63,4,91;
12,3,22;
62,4,89;
3,4,3;
52,4,72;
45,4,62;
88,3,154;
74,4,106;
46,3,81;
98,3,171;
63,4,88;
92,3,161;
31,3,52;
78,3,137;
39,4,54;
5,4,6;
99,3,170;
26,4,38;
25,3,42;
21,3,35;
61,3,104;
83,4,116;
72,3,126;
48,4,66;
86,3,150;
54,4,78;
48,3,85;
22,3,40;
27,4,37;
9,4,14;
27,3,45;
10,4,16;
10,4,16;
43,3,73;
29,4,43;
37,3,63;
6,3,12;
95,4,133;
67,3,115;
34,4,50;
37,3,63;
74,4,103;
47,3,83;
5,4,6;
62,4,89;
48,3,85;
46,3,78;
43,4,59;
51,4,74;
44,3,78;
25,4,37;
46,3,78;
7,4,11;
7,3,11;
55,4,76;
75,3,131;
16,4,24;
17,3,31;
9,4,11;
95,4,133;
68,4,98;
15,3,27;
79,4,110;
40,4,58;
20,3,36;
31,3,55;
71,3,121;
70,4,97;
32,3,57;
35,4,51;
9,3,17;
39,3,69;
33,4,48;
58,3,102;
70,3,120;
9,4,11;
65,4,90;
60,3,102;
91,3,159;
10,4,13;
82,4,114;
86,4,123;
7,3,14;
16,4,21;
81,3,139;
83,4,119;
46,4,64;
37,3,66;
8,4,10;
85,4,122;
10,3,19;
48,4,69;
37,4,51;
49,3,83;
52,3,92;
58,4,84;
69,3,118;
24,4,35;
63,4,88;
20,4,30;
42,4,58;
58,3,102;
92,4,132;
28,3,50;
9,3,17;
94,3,161;
80,3,137;
77,4,110;
43,3,76;
96,4,134;
77,3,132;
61,3,107;
85,4,122;
6,3,9;
74,3,127;
84,4,120;
41,4,59;
55,4,76;
14,3,26;
93,3,160;
16,3,29;
8,3,12;
10,3,16;
40,4,58;
77,4,110;
24,4,32;
79,4,113;
92,4,129;
69,3,118;
77,4,110;
75,3,131;
25,4,34;
99,4,139;
34,4,47;
79,4,110;
71,4,102;
45,4,62;
31,4,42;
48,4,69;
30,3,53;
53,3,93;
48,3,85;
13,3,21;
15,4,20;
87,3,152;
5,4,9;
60,4,86;
11,3,18;
81,4,116;
23,4,34;
28,4,38;
60,3,102;
67,3,115;
41,3,73;
84,3,144;
24,4,35;
70,4,100;
88,3,154;
85,3,146;
43,3,76;
41,3,70;
17,4,23;
11,4,14;
47,4,68;
20,4,30;
20,3,36;
94,3,164;
9,4,11;
57,3,97;
88,4,126;
40,3,68;
14,4,21;
51,4,74;
10,3,16;
6,3,12;
29,3,52;
99,4,139;
100,3,172;
24,3,43;
40,3,71;
56,3,95;
25,4,37;
20,3,36;
74,3,130;
59,4,82;
81,3,139;
31,3,55;
49,4,71;
25,3,42;
53,4,76;
32,4,44;
97,3,170;
67,4,93;
93,3,160;
34,4,50;
56,4,81;
69,4,99;
6,3,12;
75,3,131;
43,3,76;
37,4,51;
49,3,83;
53,4,76;
52,3,89;
14,3,26;
11,3,21;
14,4,21;
13,4,17;
41,3,70;
75,3,131;
57,3,100;
51,4,74;
46,3,78;
40,4,55;
33,4,48;
8,3,15;
14,4,18;
71,4,99;
67,3,118;
71,4,102;
56,3,98;
86,3,147;
41,4,56;
78,4,109;
81,3,139;
21,4,28;
18,4,24;
31,3,55;
54,4,75;
50,4,69;
58,3,99;
67,4,93;
40,3,68;
39,3,69;
90,3,154;
63,4,91;
67,4,93;
18,3,33;
83,4,116;
80,3,140;
95,3,166;
51,4,71;
54,4,78;
39,4,57;
44,3,75;
7,4,8;
63,3,111;
42,4,58;
88,3,151;
2,3,5;
12,4,15;
15,3,24;
49,4,71;
7,3,14;
64,4,92;
13,4,20;
9,4,11;
89,4,124;
13,3,24;
43,3,73;
69,4,96;
33,3,56;
17,3,31;
90,3,157;
13,3,21;
20,4,27;
73,4,102;
50,4,69;
74,3,127;
75,3,131;
70,4,100;
34,4,50;
46,4,67;
46,3,81;
40,3,68;
85,3,149;
58,4,81;
53,4,73;
17,4,23;
23,4,34;
78,3,134;
43,3,76;
24,4,35;
27,3,45;
54,3,92;
19,4,28;
91,4,130;
81,3,139;
16,3,29;
89,3,156;
98,3,171;
98,4,140;
21,4,28;
66,4,92;
46,4,64;
30,3,53;
10,3,16;
84,3,144;
57,4,82;
15,3,24;
16,3,29;
97,4,139;
74,4,106;
24,4,32;
78,3,134;
52,3,92;
93,4,133;
93,3,160;
12,3,19;
3,4,6;
31,4,45;
95,4,136;
34,3,57;
68,3,119;
86,3,147;
96,3,165;
42,3,74;
39,4,57;
85,3,149;
44,4,64;
59,3,101;
87,3,149;
45,4,62;
2,4,1;
84,4,120;
77,3,135;
20,4,30;
85,3,149;
11,3,18;
29,4,40;
71,3,124;
88,4,123;
26,4,38;
9,4,11;
34,3,57;
74,4,106;
13,4,17;
64,3,112;
6,4,10;
82,3,141;
8,3,12;
48,4,69;
25,3,45;
43,3,73;
99,3,170;
87,4,125;
48,3,82;
87,3,152;
11,3,21;
94,4,134;
78,3,134;
92,3,161;
51,3,90;
59,3,101;
83,4,119;
7,4,8;
5,3,7;
88,3,154;
66,3,116;
70,3,123;
64,3,112;
81,3,142;
87,3,149;
31,3,55;
13,4,20;
77,4,107;
47,3,83;
51,3,90;
11,4,14;
85,3,146;
35,4,51;
85,3,146;
45,3,76;
51,3,90;
5,4,9;
61,4,85;
51,3,87;
54,3,92;
82,3,144;
53,3,93;
95,4,133;
31,4,45;
15,4,20;
70,4,100;
43,3,76;
85,4,119;
79,3,138;
67,3,115;
63,3,111;
18,4,24;
76,4,109;
28,3,47;
77,3,132;
30,4,41;
51,3,90;
15,4,20;
50,3,88;
30,4,41;
63,3,108;
44,4,64;
96,3,165;
11,3,18;
72,3,123;
65,3,114;
35,4,51;
66,3,116;
82,4,117;
32,4,47;
17,3,28;
12,3,22;
52,3,89;
66,3,116;
23,3,41;
17,4,26;
87,4,125;
93,4,130;
15,3,24;
17,3,28;
43,3,73;
20,3,33;
23,3,38;
13,4,17;
68,4,98;
57,3,97;
63,4,91;
77,3,132;
18,4,27;
92,4,132;
17,4,23;
85,4,122;
19,4,28;
42,3,74;
43,4,59;
14,4,18;
11,3,21;
35,4,48;
16,4,21;
47,3,80;
95,4,136;
85,4,122;
5,4,6;
47,3,80;
31,3,55;
24,4,35;
11,4,17;
26,4,38;
14,3,23;
75,4,105;
50,4,69;
76,3,130;
18,4,27;
95,4,133;
82,3,144;
14,3,23;
25,3,45;
51,3,87;
71,4,102;
26,4,35;
97,3,167;
88,3,154;
40,4,55;
11,4,14;
91,4,130;
57,4,82;
19,3,34;
50,4,72;
25,4,34;
3,3,4;
10,4,16;
65,4,90;
29,4,40;
54,4,75;
59,3,101;
57,4,82;
3,3,4;
37,3,66;
38,4,55;
38,4,55;
31,4,42;
97,3,170;
90,3,157;
16,3,29;
48,4,69;
29,3,49;
90,3,154;
18,3,30;
53,4,76;
16,4,21;
100,4,143;
70,3,120;
100,3,175;
74,3,127;
100,3,172;
76,4,106;
45,3,76;
44,4,64;
59,4,85;
60,3,105;
29,3,52;
70,4,97;
20,3,36;
91,3,156;
23,3,41;
6,3,12;
5,3,10;
42,4,58;
94,3,161;
37,3,63;
100,3,175;
87,3,152;
35,4,51;
50,4,72;
2,3,2;
30,4,41;
94,3,164;
24,4,32;
42,4,58;
81,3,139;
94,4,131;
30,4,41;
10,4,13;
8,4,13;
43,4,59;
74,3,127;
40,3,71;
13,3,21;
17,4,26;
52,4,72;
92,4,132;
11,4,14;
45,4,62;
90,4,126;
62,4,89;
8,4,10;
47,4,65;
85,3,146;
25,3,45;
9,3,14;
4,3,8;
12,4,15;
33,3,59;
47,4,68;
56,4,81;
51,3,90;
77,4,107;
88,4,126;
12,4,18;
43,3,76;
35,4,48;
48,4,69;
95,4,133;
65,4,93;
99,3,170;
80,3,140;
69,4,99;
83,3,142;
20,3,36;
14,4,21;
4,3,8;
26,3,44;
10,4,16;
82,4,117;
87,3,149;
47,3,83;
39,3,66;
22,4,33;
45,3,76;
53,3,90;
10,4,16;
64,3,109;
4,4,4;
45,4,62;
29,3,49;
30,3,50;
72,3,123;
50,3,85;
29,4,40;
34,3,57;
91,4,127;
94,4,131;
53,4,73;
50,4,72;
17,3,31;
58,4,81;
94,4,131;
84,4,120;
42,4,58;
81,3,139;
70,4,100;
27,4,37;
43,3,73;
44,3,78;
70,4,97;
13,3,24;
7,4,11;
28,4,38;
7,4,11;
23,4,34;
69,3,118;
72,4,100;
23,4,31;
51,3,87;
74,4,106;
82,3,144;
28,4,41;
25,3,45;
92,4,129;
27,3,48;
38,3,67;
3,4,6;
86,3,147;
55,3,94;
43,3,73;
30,4,41;
28,4,38;
17,4,26;
84,3,144;
26,4,38;
44,3,75;
91,4,127;
77,4,110;
34,4,47;
17,3,28;
86,3,147;
6,3,9;
42,4,58;
56,4,78;
60,3,105;
7,3,14;
5,3,7;
73,4,105;
64,3,109;
15,4,20;
77,3,132;
85,3,146;
81,4,113;
50,3,88;
75,4,108;
70,4,100;
45,4,65;
99,3,173;
46,4,67;
76,3,133;
5,3,10;
67,3,118;
3,3,4;
68,3,116;
1,3,3;
96,3,165;
51,3,87;
32,3,54;
93,4,130;
62,4,86;
33,4,48;
9,4,14;
94,4,134;
71,4,102;
32,3,54;
97,3,167;
53,4,73;
14,3,26;
74,3,130;
38,4,52;
35,3,59;
35,3,62;
62,3,109;
35,3,59;
60,4,86;
94,3,161;
65,4,93;
32,4,44;
73,4,105;
32,4,47;
20,4,30;
56,3,95;
7,3,14;
82,3,141;
45,3,79;
24,3,43;
20,3,33;
63,4,88;
21,4,28;
48,3,85;
40,3,68;
41,4,59;
58,3,102;
2,3,5;
53,3,90;
74,4,103;
42,4,58;
37,4,54;
99,4,142;
55,4,76;
95,3,166;
26,3,44;
52,3,92;
100,3,175;
1,3,0;
69,4,99;
18,4,27;
41,3,73;
50,3,88;
100,3,175;
65,4,93;
11,4,17;
69,3,121;
57,3,100;
89,4,127;
17,4,26;
65,4,93;
94,3,164;
18,4,27;
22,4,30;
88,3,151;
45,4,62;
81,4,116;
64,3,109;
48,4,66;
35,3,59;
30,4,41;
24,4,35;
11,3,21;
81,4,113;
76,4,106;
3,4,6;
18,4,24;
22,3,40;
84,3,147;
66,3,116;
64,4,92;
90,3,154;
74,3,127;
53,3,90;
97,4,139;
57,4,82;
32,4,44;
55,4,79;
57,3,100;
20,4,30;
80,3,140;
90,3,157;
53,3,93;
9,4,11;
54,3,95;
43,3,73;
51,3,90;
79,3,138;
85,3,149;
92,4,132;
45,4,65;
83,3,142;
40,4,55;
86,4,123;
98,3,171;
88,3,154;
1,4,3;
63,4,91;
21,3,35;
23,3,41;
46,3,81;
73,4,102;
81,4,113;
18,4,24;
53,3,93;
12,3,19;
88,3,151;
14,3,23;
99,3,170;
13,4,17;
81,4,113;
76,3,133;
49,3,86;
39,4,57;
60,3,105;
66,3,113;
90,3,157;
98,3,171;
99,3,173;
35,4,51;
92,4,129;
21,3,35;
17,4,26;
81,3,139;
54,4,75;
81,4,116;
7,3,11;
81,4,116;
51,4,74;
94,4,131;
74,3,127;
78,4,112;
19,3,34;
28,3,50;
81,3,142;
65,3,114;
18,4,27;
61,4,88;
8,3,15;
58,3,102;
2,4,1;
16,3,29;
6,3,12;
52,3,89;
63,3,108;
42,4,58;
5,3,7;
98,3,168;
30,4,41;
11,4,17;
94,3,161;
93,4,130;
32,3,57;
100,3,172;
84,4,117;
65,4,90;
58,4,81;
32,3,54;
13,4,17;
44,3,78;
63,4,88;
65,3,111;
47,3,80;
58,4,81;
11,3,21;
73,3,128;
1,3,3;
36,3,61;
26,3,44;
83,3,142;
80,3,137;
9,4,11;
63,4,91;
58,3,102;
98,3,171;
76,4,106;
60,3,105;
39,4,57;
80,3,140;
2,3,5;
94,4,134;
30,4,41;
58,3,99;
63,4,91;
100,4,143;
88,3,154;
49,4,71;
60,3,102;
33,3,59;
57,3,100;
22,3,40;
14,4,18;
37,4,51;
34,3,57;
81,3,142;
95,3,163;
75,3,131;
90,4,126;
55,4,76;
52,3,92;
78,3,134;
58,4,84;
16,3,29;
92,4,129;
32,4,44;
23,3,41;
9,3,14;
44,3,78;
21,3,35;
91,3,159;
16,3,26;
85,4,119;
45,3,76;
83,4,119;
22,4,30;
20,3,33;
57,3,97;
13,4,20;
35,4,51;
38,3,67;
41,3,73;
49,3,86;
99,4,139;
14,4,21;
71,4,99;
50,4,72;
95,3,166;
70,4,100;
76,3,133;
14,3,26;
1,3,0;
48,4,69;
27,4,40;
76,3,130;
81,3,142;
99,4,142;
98,3,171;
18,3,30;
34,3,60;
100,4,140;
25,4,34;
37,4,51;
71,4,102;
8,4,13;
95,3,166;
63,4,91;
71,4,99;
24,4,32;
11,4,17;
50,4,69;
62,4,89;
34,4,50;
16,3,26;
87,3,152;
34,3,60;
63,4,88;
57,3,100;
1,4,0;
10,4,16;
32,4,47;
6,3,12;
13,3,24;
51,4,74;
43,4,59;
61,3,107;
45,3,76;
3,3,4;
41,4,59;
92,3,158;
2,4,1;
70,4,100;
2,3,2;
9,3,14;
68,3,119;
57,4,82;
35,3,62;
49,3,86;
42,3,71;
69,4,99;
67,3,115;
99,4,142;
18,3,33;
28,4,38;
43,3,73;
83,4,119;
99,3,173;
19,4,25;
53,3,90;
40,4,55;
40,4,58;
80,3,140;
60,3,105;
27,4,37;
62,3,109;
42,4,61;
41,3,73;
42,4,58;
49,4,68;
64,4,92;
77,4,110;
8,3,12;
88,3,151;
70,4,97;
75,4,108;
38,3,64;
41,3,70;
31,3,55;
62,4,86;
35,4,48;
37,4,54;
66,3,113;
97,4,139;
55,3,94;
36,3,61;
28,3,47;
39,4,54;
15,4,23;
50,3,88;
77,4,110;
64,4,92;
1,3,0;
43,3,76;
81,3,142;
31,3,55;
4,4,4;
34,3,57;
65,3,114;
3,3,4;
91,4,130;
85,3,149;
31,3,55;
12,3,19;
8,3,15;
75,4,105;
89,4,124;
76,3,130;
49,4,71;
57,3,100;
12,4,15;
56,3,95;
21,4,28;
96,3,165;
58,4,84;
92,4,129;
76,3,133;
52,3,89;
36,3,64;
51,4,74;
95,4,136;
45,4,62;
27,3,45;
64,3,109;
47,4,65;
42,4,58;
92,4,132;
65,3,111;
18,3,30;
72,4,100;
24,3,43;
46,4,64;
5,3,10;
23,4,34;
16,4,21;
79,3,138;
56,3,98;
16,4,21;
60,4,83;
82,4,117;
55,3,97;
96,3,165;
2,4,4;
57,4,82;
62,3,109;
44,4,61;
74,4,106;
61,4,88;
40,3,71;
81,3,142;
34,4,47;
54,4,78;
42,3,71;
51,4,74;
31,3,52;
93,4,130;
88,4,123;
25,4,37;
85,4,122;
7,3,11;
75,3,128;
21,3,38;
20,3,36;
82,3,144;
97,3,170;
51,4,74;
70,3,123;
21,4,31;
91,4,127;
98,3,171;
73,4,102;
42,4,61;
91,4,127;
43,4,62;
91,3,156;
50,3,88;
26,4,38;
22,4,33;
76,3,133;
45,3,76;
100,3,175;
26,3,47;
68,4,98;
7,3,11;
43,3,73;
11,4,17;
55,4,79;
30,4,44;
13,3,21;
54,4,75;
29,3,49;
60,4,86;
6,4,10;
47,4,65;
39,4,54;
42,4,61;
37,3,63;
41,3,70;
36,4,49;
6,4,7;
71,4,102;
25,4,37;
43,3,73;
22,4,30;
90,4,129;
6,4,10;
60,4,83;
87,4,122;
98,3,171;
90,4,126;
2,4,4;
40,4,55;
86,4,120;
60,3,105;
27,4,37;
60,4,86;
31,4,42;
98,4,140;
86,3,150;
88,4,123;
60,4,86;
13,4,17;
13,3,24;
91,3,156;
11,4,17;
77,4,110;
41,3,70;
74,3,130;
93,4,130;
10,4,16;
73,4,102;
54,4,75;
38,3,64;
55,4,79;
51,4,74;
3,3,7;
70,3,120;
94,3,164;
51,4,74;
66,4,92;
53,3,93;
39,4,57;
90,3,157;
27,3,45;
8,3,15;
39,4,54;
83,3,145;
8,3,12;
70,3,123;
100,4,140;
52,3,92;
80,4,112;
3,3,7;
91,3,159;
46,3,81;
76,4,109;
97,4,136;
77,4,110;
100,3,172;
53,4,76;
70,3,120;
87,4,122;
54,4,75;
48,4,69;
96,3,168;
86,4,120;
74,4,103;
93,4,130;
51,4,74;
62,4,86;
81,4,113;
83,3,142;
77,3,135;
3,4,3;
75,4,108;
53,4,76;
56,4,78;
66,4,95;
49,4,68;
65,4,90;
81,3,142;
29,3,49;
69,4,96;
52,4,75;
31,3,55;
33,4,45;
13,4,20;
96,4,134;
75,4,108;
68,4,98;
36,3,64;
66,3,116;
11,3,21;
92,4,132;
21,4,28;
79,3,138;
3,3,7;
35,4,51;
8,3,12;
83,4,116;
15,4,20;
28,4,41;
82,4,117;
43,3,73;
71,4,102;
26,3,47;
60,3,102;
64,4,89;
85,3,146;
84,4,120;
45,3,76;
31,4,45;
91,4,127;
10,4,13;
60,4,83;
88,4,123;
25,3,42;
84,3,144;
73,4,105;
60,3,102;
36,3,64;
10,3,16;
80,4,112;
32,3,57;
15,4,23;
8,4,10;
25,3,45;
29,3,49;
30,4,41;
35,3,59;
47,3,80;
74,3,130;
66,3,113;
1,4,3;
89,3,156;
27,3,45;
61,4,85;
33,3,56;
78,3,137;
29,3,52;
88,3,151;
16,4,24;
34,3,57;
98,4,140;
41,4,59;
13,4,20;
31,4,45;
34,4,50;
80,4,112;
2,4,4;
61,4,85;
26,4,38;
43,4,62;
41,3,70;
97,3,167;
94,3,161;
60,3,102;
74,4,103;
46,4,64;
89,4,124;
11,4,17;
10,3,19;
85,3,149;
25,3,45;
58,4,81;
65,3,111;
70,3,123;
84,3,144;
100,3,175;
92,3,158;
93,4,130;
37,3,63;
84,4,120;
19,3,31;
2,4,4;
100,4,143;
68,3,119;
60,3,102;
50,4,72;
14,4,21;
66,3,116;
52,3,89;
32,3,57;
50,4,72;
86,4,120;
46,4,64;
37,3,63;
31,4,45;
41,4,59;
87,3,152;
71,3,121;
77,4,107;
42,3,71;
80,3,140;
50,4,69;
68,3,119;
73,4,102;
84,3,147;
79,3,135;
36,4,52;
81,4,116;
57,3,100;
74,3,127;
64,4,92;
5,3,10;
76,3,130;
99,3,170;
67,4,93;
58,4,84;
67,4,93;
45,3,76;
4,3,8;
61,3,104;
89,3,153;
70,4,97;
14,3,26;
79,3,135;
65,4,93;
41,3,73;
53,3,93;
19,4,25;
81,3,142;
93,4,133;
9,4,14;
67,4,96;
95,4,136;
82,3,141;
73,3,128;
64,4,89;
2,4,1;
93,4,130;
48,4,69;
54,4,75;
4,4,4;
63,4,91;
66,4,92;
58,3,99;
27,3,48;
84,4,117;
18,3,33;
29,3,52;
72,3,123;
96,3,168;
94,3,164;
15,3,27;
30,3,50;
7,3,14;
43,4,59;
69,3,121;
38,3,64;
67,3,115;
53,4,76;
42,3,71;
81,4,113;
88,4,123;
9,3,14;
35,4,51;
3,3,4;
56,3,98;
20,3,33;
71,4,102;
15,4,20;
37,3,66;
92,3,158;
64,3,109;
4,3,8;
14,4,18;
44,4,61;
90,3,157;
52,3,89;
84,4,117;
4,4,7;
25,3,45;
99,3,170;
90,4,126;
16,4,24;
92,4,132;
67,3,115;
97,3,170;
45,4,65;
81,4,116;
15,4,20;
33,4,48;
17,3,28;
44,4,61;
4,4,7;
46,4,64;
39,3,66;
60,3,102;
45,3,79;
56,4,81;
74,3,127;
86,4,123;
98,3,168;
71,4,99;
47,4,65;
56,4,81;
96,4,134;
39,4,54;
20,3,36;
51,4,71;
33,4,45;
36,4,49;
1,4,0;
27,4,40;
48,4,69;
71,4,99;
27,4,40;
9,3,14;
97,4,136;
63,4,91;
42,3,71;
27,4,40;
76,3,133;
92,4,132;
96,4,134;
59,4,82;
40,4,55;
99,3,173;
37,4,54;
18,3,33;
24,3,43;
58,4,84;
98,3,168;
72,3,126;
41,3,70;
41,3,73;
29,4,43;
2,3,5;
80,3,140;
97,3,170;
13,3,21;
18,4,24;
24,3,40;
52,4,75;
44,4,61;
39,4,54;
64,4,89;
10,3,16;
92,3,158;
34,3,60;
78,3,134;
17,3,31;
32,3,54;
19,4,28;
7,4,11;
75,4,105;
66,4,92;
35,4,51;
4,4,7;
71,4,102;
2,3,5;
44,4,61;
39,4,54;
16,3,29;
22,3,40;
35,4,51;
26,3,47;
60,4,86;
57,3,97;
39,4,57;
70,4,100;
21,4,28;
16,3,29;
16,3,26;
47,3,83;
51,3,87;
15,4,23;
56,4,78;
83,3,145;
24,3,43;
93,3,160;
53,3,90;
37,3,66;
51,3,90;
11,3,21;
33,4,48;
3,3,7;
81,3,142;
57,3,100;
90,3,157;
7,4,11;
71,4,99;
18,3,33;
87,3,149;
59,3,104;
59,3,101;
27,3,48;
4,3,8;
2,4,4;
68,4,98;
31,3,52;
55,4,79;
67,3,118;
46,4,67;
14,3,26;
20,4,30;
97,4,139;
81,4,113;
47,4,65;
93,4,133;
61,3,104;
75,4,108;
47,4,65;
23,3,41;
49,3,83;
10,3,16;
92,3,158;
18,4,24;
61,4,85;
78,4,109;
55,3,97;
78,4,109;
21,4,28;
23,4,34;
38,3,64;
65,3,111;
53,4,76;
68,3,119;
20,4,30;
1,4,3;
85,3,149;
81,4,113;
35,3,59;
69,4,96;
45,4,62;
73,3,125;
91,4,127;
2,3,2;
28,4,41;
85,4,119;
88,3,151;
55,3,97;
22,3,40;
91,3,156;
87,4,125;
62,3,106;
78,3,137;
80,4,115;
87,3,152;
25,3,42;
44,4,61;
53,3,90;
27,4,37;
6,3,9;
93,3,160;
57,4,79;
24,3,43;
43,4,59;
80,3,140;
8,3,15;
59,4,82;
26,3,44;
49,4,71;
80,3,140;
2,3,5;
41,4,56;
52,3,89;
6,4,10;
16,4,24;
3,3,7;
60,4,83;
75,3,131;
19,4,28;
87,4,122;
37,4,54;
33,3,59;
15,3,27;
98,3,171;
88,3,151;
17,4,23;
37,3,66;
31,4,45;
10,3,19;
42,3,74;
59,3,104;
87,3,149;
58,4,81;
11,4,14;
53,3,90;
86,4,120;
60,4,83;
7,4,11;
21,4,28;
14,3,26;
8,3,15;
100,3,172;
16,4,24;
39,4,57;
87,3,149;
26,4,38;
54,4,75;
33,3,59;
66,3,113;
59,3,101;
33,4,45;
47,4,68;
19,3,34;
74,3,127;
9,4,11;
28,3,50;
6,3,12;
67,3,115;
74,4,103;
97,4,136;
75,4,108;
22,3,37;
69,3,121;
43,3,76;
36,3,64;
55,4,76;
78,4,112;
92,3,161;
35,4,48;
62,4,86;
24,3,40;
36,3,64;
52,3,89;
28,3,47;
1,4,0;
4,4,4;
43,4,62;
32,4,47;
55,4,79;
64,3,109;
33,3,56;
97,4,139;
5,4,9;
44,4,64;
46,3,81;
54,4,78;
83,4,116;
3,3,7;
76,4,109;
24,3,40;
9,3,14;
74,3,127;
12,4,15;
4,3,8;
100,3,172;
15,3,24;
19,4,25;
12,4,18;
8,4,10;
15,4,23;
83,3,145;
66,3,113;
37,3,66;
27,4,37;
50,4,72;
4,3,5;
37,3,66;
34,3,57;
23,4,34;
46,3,78;
64,4,89;
15,4,20;
11,3,21;
2,4,4;
17,3,28;
7,4,8;
22,3,37;
69,3,121;
23,4,31;
42,4,61;
10,3,19;
88,3,151;
3,3,4;
17,4,26;
56,4,78;
92,4,132;
19,3,34;
5,3,10;
39,4,57;
25,3,42;
41,4,56;
26,4,35;
9,4,11;
16,3,29;
44,3,78;
60,3,105;
78,3,137;
63,3,111;
5,3,10;
44,4,64;
27,4,40;
87,3,149;
76,3,130;
95,3,166;
85,4,119;
7,3,14;
51,3,87;
76,4,106;
41,4,59;
67,3,115;
21,4,31;
61,4,85;
85,3,146;
87,3,149;
99,4,139;
44,3,75;
14,3,23;
50,3,85;
87,4,122;
82,3,141;
79,4,113;
58,3,102;
10,3,16;
86,3,150;
89,3,156;
100,4,140;
16,4,21;
27,4,37;
43,3,73;
8,4,10;
97,3,167;
32,3,57;
74,4,106;
28,3,50;
6,4,10;
40,4,58;
77,3,132;
66,4,92;
99,3,170;
86,4,120;
48,3,85;
76,4,109;
95,3,163;
21,4,28;
58,3,102;
47,4,65;
49,3,86;
43,3,76;
66,4,95;
61,3,107;
17,4,26;
5,3,7;
4,3,5;
56,3,98;
73,3,128;
38,4,52;
87,4,125;
34,3,57;
94,3,164;
64,4,92;
83,4,119;
1,3,3;
11,3,21;
32,3,54;
85,4,122;
7,4,8;
26,4,35;
59,3,104;
24,4,32;
13,4,17;
62,4,89;
82,3,144;
80,3,137;
24,4,32;
71,4,102;
42,3,71;
55,3,97;
96,3,165;
35,4,51;
44,4,64;
87,3,149;
34,3,57;
71,3,121;
49,3,86;
24,4,35;
68,3,119;
71,3,121;
9,3,14;
40,3,68;
38,3,64;
50,3,88;
31,4,45;
16,3,29;
7,4,11;
24,3,40;
39,4,57;
81,3,139;
42,3,71;
89,4,124;
16,3,26;
3,3,4;
70,4,100;
2,4,1;
74,4,103;
34,4,47;
88,3,151;
66,4,92;
64,4,92;
14,4,18;
1,4,3;
87,4,125;
83,3,142;
91,3,159;
69,3,118;
73,4,105;
85,3,149;
85,3,149;
89,4,127;
10,4,13;
76,4,109;
29,4,40;
6,4,10;
9,4,11;
72,4,100;
46,3,78;
16,4,21;
66,4,92;
55,4,79;
66,3,116;
49,3,83;
64,4,89;
16,4,24;
28,3,50;
63,3,108;
48,4,66;
64,3,112;
30,4,44;
26,3,44;
93,3,163;
10,4,13;
3,4,6;
97,4,136;
32,4,47;
30,4,44;
31,3,52;
42,4,61;
38,3,67;
97,4,139;
17,4,26;
72,3,126;
50,4,72;
31,3,55;
80,3,137;
22,3,37;
98,3,171;
24,3,43;
75,3,128;
83,4,116;
35,3,59;
99,3,173;
77,4,107;
90,3,154;
98,4,137;
37,3,63;
99,4,139;
42,4,61;
75,3,128;
1,3,0;
100,4,140;
89,3,153;
76,4,106;
35,4,48;
5,4,9;
35,3,62;
61,4,88;
13,4,20;
68,4,95;
22,3,37;
27,4,40;
37,4,51;
25,3,42;
92,3,161;
83,4,116;
99,4,139;
99,4,142;
48,4,69;
82,4,117;
90,4,126;
45,3,79;
86,4,120;
9,4,14;
10,3,16;
93,3,163;
10,4,13;
87,3,152;
20,4,27;
19,4,28;
4,3,5;
27,3,45;
100,4,143;
23,3,41;
100,4,140;
71,4,99;
52,3,89;
83,4,116;
65,4,90;
48,4,69;
74,3,130;
34,3,57;
17,3,31;
28,4,38;
71,3,121;
64,3,109;
87,4,122;
55,3,97;
66,3,113;
45,4,65;
37,3,63;
75,3,128;
27,3,48;
58,4,81;
54,3,92;
50,4,72;
26,4,38;
74,3,130;
98,4,137;
7,4,11;
29,4,40;
44,3,75;
99,3,170;
3,3,4;
94,3,164;
28,4,41;
60,3,105;
100,3,175;
17,4,26;
46,4,64;
31,3,52;
2,4,4;
87,4,125;
24,3,43;
46,3,78;
96,4,137;
83,3,142;
58,3,99;
74,4,106;
60,4,86;
49,3,86;
11,3,18;
23,3,38;
11,3,18;
10,4,16;
95,4,136;
99,4,139;
60,4,86;
11,3,18;
48,4,66;
32,3,57;
7,4,11;
98,4,137;
45,4,65;
32,4,44;
28,3,47;
86,3,150;
56,4,78;
45,3,76;
12,4,15;
46,4,64;
1,4,0;
9,3,14;
69,4,99;
46,3,78;
95,3,163;
80,4,115;
63,3,108;
26,3,44;
76,4,106;
8,4,10;
52,3,89;
25,4,34;
14,4,21;
50,3,88;
56,4,81;
60,3,105;
100,4,143;
75,3,131;
17,3,28;
49,3,83;
77,3,135;
83,3,142;
50,4,69;
98,4,137;
80,4,112;
65,3,114;
59,4,82;
24,3,43;
21,4,31;
85,3,146;
90,4,129;
5,4,6;
72,4,100;
55,3,94;
64,4,92;
51,4,74;
69,4,96;
36,3,61;
30,3,50;
58,4,81;
37,3,63;
43,4,59;
79,3,138;
91,3,156;
53,4,73;
32,3,57;
87,3,149;
48,4,66;
51,4,74;
71,4,99;
1,3,0;
97,3,170;
20,3,36;
67,4,96;
30,3,50;
8,4,10;
10,4,13;
49,4,68;
37,4,51;
4,3,5;
26,4,35;
20,3,36;
88,4,123;
62,4,86;
13,3,24;
64,4,92;
99,3,173;
89,4,127;
29,4,40;
19,3,31;
98,3,168;
40,3,71;
18,4,27;
80,4,115;
100,3,175;
52,4,75;
95,4,136;
9,4,11;
84,4,120;
24,3,43;
35,3,59;
57,4,79;
13,4,17;
34,4,47;
53,3,93;
44,3,78;
92,3,158;
94,3,161;
60,4,86;
78,3,134;
18,3,30;
49,3,83;
32,4,47;
90,4,129;
72,4,103;
61,3,104;
28,4,38;
35,3,62;
24,3,43;
9,3,17;
86,4,120;
76,3,133;
91,4,130;
73,4,105;
29,3,52;
51,3,90;
59,4,85;
25,3,42;
55,3,94;
5,4,6;
6,3,12;
10,3,19;
50,3,88;
78,3,134;
12,4,15;
4,3,5;
77,3,135;
83,3,142;
43,4,59;
98,4,137;
88,3,154;
72,4,100;
1,4,0;
33,4,48;
20,3,36;
81,3,139;
91,4,130;
35,4,48;
84,4,120;
47,4,68;
21,3,35;
11,4,14;
73,4,102;
37,4,54;
30,4,44;
93,4,133;
71,4,99;
90,3,154;
57,4,82;
28,4,38;
19,3,31;
56,4,78;
54,4,78;
44,4,64;
7,4,11;
90,3,154;
82,4,117;
4,4,4;
97,3,167;
3,3,7;
26,3,44;
45,4,65;
38,4,55;
21,3,35;
79,4,113;
75,4,108;
24,4,32;
76,3,130;
84,4,120;
44,4,64;
7,4,8;
54,4,75;
20,4,30;
98,3,168;
52,3,89;
8,4,10;
55,3,97;
91,3,159;
90,4,126;
56,4,78;
73,3,125;
51,3,87;
97,4,139;
89,3,156;
19,3,31;
18,3,33;
47,4,68;
30,4,41;
34,3,57;
71,4,102;
66,4,92;
31,3,52;
16,4,24;
62,3,109;
39,4,57;
29,4,40;
70,4,97;
15,3,24;
14,4,21;
78,3,137;
18,4,27;
43,4,62;
17,4,26;
59,3,101;
37,3,66;
91,4,127;
72,3,123;
19,3,34;
42,4,61;
20,4,27;
54,4,78;
51,4,74;
39,4,57;
76,3,130;
52,4,75;
3,4,6;
17,3,28;
82,4,117;
52,3,92;
69,3,118;
35,4,51;
21,4,28;
39,4,57;
83,3,142;
81,4,113;
62,4,86;
24,4,32;
34,4,50;
30,4,44;
73,3,125;
60,3,102;
71,4,99;
13,3,24;
4,3,8;
83,4,116;
59,4,85;
21,3,38;
35,3,59;
1,4,3;
76,4,109;
33,3,56;
96,4,134;
99,4,142;
77,4,110;
85,3,149;
81,4,116;
26,4,35;
24,4,32;
14,3,23;
34,3,60;
22,3,37;
74,3,130;
6,4,7;
86,3,147;
54,4,75;
96,3,168;
89,3,153;
27,4,40;
62,3,109;
78,3,137;
60,4,83;
16,3,26;
96,3,165;
76,3,133;
56,4,78;
81,3,142;
69,3,118;
1,4,3;
90,4,129;
21,4,28;
84,4,120;
14,3,26;
52,4,75;
30,4,44;
76,3,130;
87,3,152;
8,3,12;
7,3,11;
25,4,37;
89,3,153;
25,4,37;
88,4,123;
58,3,99;
19,3,34;
20,3,36;
35,3,62;
5,3,10;
78,3,137;
24,3,43;
44,3,75;
73,4,102;
29,3,49;
40,3,71;
99,3,170;
98,3,171;
7,4,8;
44,4,61;
90,3,154;
36,3,61;
69,4,99;
29,3,49;
46,4,67;
21,4,31;
95,3,163;
11,3,18;
97,4,139;
79,3,135;
47,4,68;
34,4,47;
91,4,127;
62,4,86;
7,3,11;
75,3,128;
87,3,149;
38,4,52;
97,4,139;
48,4,66;
39,4,57;
26,3,44;
55,3,94;
87,4,125;
76,4,109;
14,3,26;
62,3,109;
81,3,142;
93,3,160;
3,4,6;
1,3,3;
93,4,133;
78,4,112;
98,4,137;
80,3,140;
1,4,0;
74,3,127;
43,4,59;
38,3,64;
15,4,20;
66,4,95;
60,4,83;
42,4,58;
42,3,71;
48,3,85;
90,3,154;
77,4,110;
35,3,59;
31,4,45;
40,4,55;
85,4,119;
17,3,28;
64,4,92;
68,3,119;
6,4,7;
51,3,90;
15,3,24;
5,4,9;
24,3,43;
23,3,41;
30,3,53;
46,3,81;
75,4,105;
33,3,59;
79,4,113;
69,3,121;
6,4,10;
36,4,49;
9,3,17;
9,3,14;
47,3,80;
87,4,125;
52,4,75;
75,4,105;
92,4,129;
75,3,128;
8,3,15;
25,3,42;
64,3,112;
21,4,28;
49,4,71;
29,3,49;
92,4,129;
77,4,107;
23,4,34;
100,3,175;
85,3,149;
95,4,136;
1,3,3;
43,3,76;
80,3,140;
98,3,171;
26,3,47;
38,4,52;
60,3,102;
33,3,59;
44,4,64;
36,4,49;
25,3,45;
1,4,0;
63,4,91;
28,4,41;
47,4,65;
97,3,170;
47,4,65;
20,4,30;
1,4,3;
36,3,61;
94,4,131;
19,4,28;
43,4,59;
31,3,55;
65,3,111;
51,3,90;
84,4,117;
69,4,99;
54,4,75;
96,3,168;
46,4,67;
10,3,19;
92,4,132;
32,4,47;
47,3,80;
16,4,24;
37,3,63;
43,4,62;
71,4,99;
8,4,13;
56,4,78;
76,3,133;
86,3,147;
80,4,112;
24,4,32;
41,4,56;
15,4,23;
15,3,27;
78,4,109;
97,4,139;
1,3,3;
85,4,119;
25,3,42;
26,3,44;
5,3,10;
26,4,35;
59,3,104;
79,3,138;
19,3,31;
74,4,106;
74,4,103;
90,3,154;
94,4,131;
88,4,126;
45,4,65;
49,3,83;
61,3,107;
74,4,103;
7,3,14;
38,4,55;
19,3,31;
48,4,66;
86,3,147;
17,4,26;
26,4,38;
51,3,87;
20,3,36;
86,3,147;
99,3,173;
6,4,7;
82,4,114;
40,4,55;
79,4,110;
67,3,115;
25,4,34;
4,3,8;
97,4,139;
90,4,126;
5,4,9;
28,3,50;
91,4,130;
22,3,37;
8,4,13;
49,3,83;
65,3,111;
37,3,63;
26,4,35;
85,4,119;
69,3,121;
78,3,134;
28,3,50;
87,3,149;
63,4,88;
45,3,79;
64,4,89;
51,4,74;
89,4,127;
68,4,95;
1,4,3;
5,4,9;
38,3,64;
67,3,118;
90,3,157;
24,4,32;
62,4,86;
88,4,123;
45,4,65;
73,4,105;
63,4,88;
94,3,161;
14,4,18;
67,4,93;
15,4,23;
63,3,108;
89,3,153;
17,4,23;
56,3,98;
9,4,14;
76,3,130;
83,3,142;
71,4,102;
7,4,8;
6,3,12;
34,4,47;
36,3,61;
21,4,28;
74,3,127;
29,4,43;
86,4,123;
17,4,26;
23,3,38;
64,4,92;
54,4,75;
79,4,110;
48,3,85;
61,3,107;
78,4,109;
21,4,28;
10,4,16;
22,4,33;
17,3,31;
32,3,54;
31,3,55;
93,4,130;
66,3,113;
42,3,71;
32,3,54;
21,3,38;
61,3,107;
37,3,66;
5,4,6;
52,4,75;
8,3,12;
100,3,175;
90,3,157;
79,4,110;
22,3,37;
45,4,62;
74,4,103;
69,3,118;
19,3,31;
39,3,66;
43,3,73;
13,3,24;
4,4,7;
31,4,45;
48,4,69;
8,3,12;
90,4,129;
63,3,108;
73,4,102;
4,3,8;
85,3,146;
55,4,76;
83,3,145;
95,3,166;
4,4,7;
96,4,137;
60,4,86;
32,4,47;
91,3,159;
67,3,115;
22,4,33;
59,4,85;
58,4,84;
9,3,14;
52,3,92;
85,3,146;
100,3,172;
55,3,94;
56,4,81;
70,3,120;
4,4,4;
40,4,58;
7,3,11;
86,4,123;
45,3,79;
75,4,105;
7,4,8;
1,3,3;
76,4,106;
83,4,116;
80,4,115;
89,3,153;
37,3,66;
81,3,142;
39,3,66;
92,3,161;
83,4,119;
48,4,66;
36,4,49;
5,3,10;
84,3,144;
4,3,8;
99,4,142;
79,3,135;
33,4,48;
7,3,14;
26,4,35;
65,4,90;
20,3,33;
72,3,126;
59,3,101;
15,3,27;
74,4,103;
88,3,154;
46,4,64;
6,3,12;
29,3,52;
97,3,170;
52,4,72;
18,3,33;
26,4,35;
46,3,81;
21,3,38;
76,3,133;
45,3,79;
2,4,4;
82,4,117;
90,3,157;
61,3,107;
68,4,95;
28,4,38;
35,4,48;
51,4,71;
37,4,51;
6,4,7;
16,4,21;
89,3,153;
30,3,53;
58,4,84;
82,4,117;
52,4,72;
55,4,76;
74,4,106;
26,4,38;
11,3,18;
19,3,34;
25,4,34;
15,3,27;
76,3,130;
83,3,142;
83,3,142;
28,3,47;
44,3,75;
23,3,38;
64,3,112;
81,4,113;
42,4,61;
95,4,136;
48,3,82;
41,4,59;
55,4,76;
52,3,89;
6,4,10;
96,4,134;
86,3,147;
68,3,119;
16,3,26;
29,4,40;
74,3,130;
74,3,127;
60,3,102;
54,4,78;
9,3,14;
16,3,29;
33,3,56;
19,4,28;
37,4,54;
57,4,79;
73,4,105;
96,4,137;
70,4,97;
12,3,22;
61,4,88;
54,3,95;
98,3,168;
43,3,73;
76,4,106;
59,4,82;
62,4,89;
89,4,127;
100,3,172;
64,3,112;
32,3,57;
91,3,159;
20,4,27;
48,3,82;
65,3,111;
55,3,97;
77,3,135;
5,4,9;
97,3,170;
94,4,131;
6,3,9;
76,4,109;
86,4,123;
3,4,3;
79,4,113;
52,3,92;
13,4,20;
11,4,17;
49,3,83;
78,4,112;
26,4,35;
76,3,133;
72,3,126;
54,3,92;
27,3,45;
42,4,58;
87,3,152;
100,3,175;
53,3,90;
20,3,33;
5,4,9;
11,4,17;
25,3,42;
21,4,31;
34,3,57;
59,4,82;
62,3,106;
37,3,66;
39,3,66;
20,3,36;
78,3,137;
34,4,47;
45,4,65;
60,4,86;
62,3,109;
11,4,14;
35,3,59;
35,3,59;
83,3,142;
43,3,73;
69,4,96;
27,4,40;
76,3,133;
14,3,23;
15,4,23;
81,4,116;
83,3,142;
23,4,34;
37,3,63;
41,4,59;
46,4,64;
47,3,83;
42,3,71;
40,3,71;
15,4,23;
42,4,61;
33,4,48;
91,4,130;
93,3,160;
51,3,90;
33,3,56;
28,3,50;
26,3,44;
76,3,130;
4,3,8;
92,4,132;
50,4,72;
39,3,66;
89,3,156;
100,3,172;
95,3,163;
22,3,37;
21,3,38;
68,4,95;
45,4,65;
56,4,78;
51,3,87;
54,3,95;
77,4,110;
98,3,168;
70,3,123;
66,3,116;
93,3,160;
93,3,160;
14,3,23;
73,4,102;
87,4,122;
27,4,40;
8,4,13;
53,4,76;
74,3,130;
39,3,69;
36,4,49;
15,4,20;
80,3,137;
17,3,28;
16,3,29;
77,4,110;
47,3,83;
63,4,91;
60,3,102;
23,3,41;
74,3,130;
88,4,123;
75,3,131;
63,4,88;
22,4,33;
70,3,120;
15,3,27;
43,3,73;
16,4,21;
39,3,66;
70,3,120;
82,3,141;
35,4,51;
85,4,122;
36,3,64;
84,4,117;
38,4,55;
96,3,165;
38,3,67;
31,4,45;
93,4,130;
48,3,85;
55,4,76;
36,3,64;
74,3,130;
73,4,105;
59,3,104;
56,3,98;
20,4,30;
15,3,24;
83,3,145;
5,4,9;
23,4,31;
5,4,6;
19,3,34;
96,4,137;
28,4,41;
75,3,128;
32,3,54;
51,3,90;
44,3,78;
36,4,52;
52,3,89;
30,3,50;
18,3,33;
32,3,54;
11,4,17;
70,4,100;
88,4,123;
16,3,29;
31,4,42;
71,4,99;
5,4,6;
26,3,44;
41,4,59;
7,3,11;
39,3,66;
38,4,52;
69,3,121;
18,4,24;
97,3,170;
83,4,119;
58,4,81;
12,4,18;
51,4,74;
98,4,137;
64,4,92;
17,3,28;
56,4,78;
57,3,97;
38,4,55;
2,3,2;
59,3,104;
39,4,54;
23,3,41;
47,4,68;
26,4,35;
65,3,111;
97,4,136;
23,4,31;
46,3,81;
8,3,15;
17,3,28;
71,4,102;
89,4,127;
40,3,71;
1,4,0;
78,3,137;
43,3,76;
70,3,120;
51,3,90;
94,3,164;
66,3,113;
33,4,48;
98,3,171;
73,3,125;
37,3,63;
8,4,10;
100,3,175;
15,4,20;
6,3,9;
10,3,19;
41,3,73;
82,3,141;
99,4,139;
70,4,97;
99,4,139;
7,4,8;
61,3,107;
14,3,26;
80,3,137;
51,4,71;
94,4,134;
29,3,49;
96,4,137;
10,4,13;
39,4,57;
94,4,134;
5,4,9;
98,3,168;
91,4,130;
7,3,14;
27,3,48;
97,3,170;
41,4,56;
16,3,26;
65,4,93;
60,3,102;
40,4,55;
56,3,95;
67,3,118;
61,3,104;
81,3,142;
61,4,85;
14,4,18;
95,4,136;
59,3,101;
38,4,52;
41,4,59;
37,4,54;
88,3,151;
15,3,24;
52,4,75;
32,3,54;
25,3,45;
75,4,108;
10,3,19;
90,3,157;
39,4,54;
44,4,64;
54,3,95;
37,3,66;
59,3,101;
75,3,128;
15,4,23;
67,4,96;
29,3,52;
20,4,27;
85,3,149;
45,4,62;
18,3,30;
25,4,37;
2,4,1;
58,3,99;
22,3,40;
58,3,102;
4,4,4;
34,3,57;
24,4,35;
99,3,173;
37,4,51;
11,3,21;
14,3,23;
63,3,108;
99,3,170;
38,4,52;
22,4,30;
5,3,10;
86,3,150;
8,4,10;
74,3,130;
56,3,98;
25,3,45;
68,4,98;
21,4,31;
91,3,159;
3,3,7;
27,3,45;
53,3,90;
20,4,30;
42,4,61;
8,4,13;
91,4,127;
50,3,88;
13,4,20;
37,4,51;
98,4,137;
49,3,83;
6,3,12;
10,3,19;
27,4,40;
6,4,10;
97,3,170;
45,4,65;
96,4,134;
50,4,69;
44,3,78;
76,3,133;
24,3,43;
74,3,127;
37,3,66;
62,3,106;
2,3,5;
44,3,78;
47,4,68;
58,4,81;
43,4,59;
2,3,2;
40,4,55;
56,4,78;
38,3,64;
11,3,21;
52,3,92;
65,3,114;
97,3,170;
79,4,113;
35,4,51;
51,3,87;
10,3,19;
54,3,95;
25,4,37;
94,3,164;
60,3,105;
76,3,133;
21,3,38;
25,3,42;
11,4,17;
15,3,24;
93,3,163;
66,4,92;
5,4,9;
60,3,102;
85,3,149;
59,4,85;
24,4,35;
24,4,32;
37,4,54;
50,3,85;
50,4,72;
7,3,14;
27,3,48;
72,3,123;
5,3,7;
8,3,12;
72,3,126;
29,3,49;
58,4,81;
36,4,49;
44,3,78;
53,4,73;
75,3,131;
76,3,130;
60,3,105;
52,4,72;
19,4,28;
27,3,48;
18,4,24;
65,3,114;
62,3,109;
19,4,25;
53,3,93;
7,4,8;
1,4,3;
20,3,33;
74,3,127;
90,4,129;
73,3,128;
66,4,95;
12,4,18;
71,3,124;
58,3,102;
73,3,128;
17,4,23;
82,4,117;
70,4,100;
81,4,113;
81,3,139;
66,4,92;
38,3,67;
63,3,108;
35,3,59;
80,4,115;
15,3,24;
85,3,149;
5,3,7;
97,4,136;
38,3,64;
86,3,150;
68,3,116;
14,4,18;
50,3,88;
73,3,125;
100,4,143;
24,3,40;
36,4,49;
68,4,95;
20,4,27;
79,4,113;
4,4,7;
43,3,76;
34,4,50;
96,4,137;
89,3,156;
97,3,170;
3,3,4;
29,4,43;
41,4,56;
40,3,71;
20,4,27;
53,3,90;
55,4,76;
66,4,92;
25,4,34;
82,4,117;
11,3,18;
87,3,152;
1,3,0;
46,4,64;
39,3,69;
73,3,125;
89,4,124;
49,4,71;
27,3,48;
100,3,175;
36,3,64;
2,3,2;
50,4,72;
20,4,30;
98,4,137;
68,4,98;
58,4,84;
96,4,134;
67,3,115;
5,4,6;
86,3,147;
90,4,129;
90,3,157;
39,4,57;
71,3,124;
69,4,96;
85,3,146;
30,3,50;
46,4,67;
79,4,113;
88,4,126;
54,4,78;
25,4,37;
15,4,23;
30,4,41;
22,3,40;
61,3,107;
51,3,87;
32,3,57;
19,4,25;
74,4,106;
100,3,175;
70,4,97;
32,3,57;
33,3,59;
19,4,25;
24,3,43;
45,3,79;
55,3,97;
73,3,128;
93,4,133;
29,4,43;
89,4,127;
51,4,74;
89,3,153;
70,4,100;
18,3,33;
36,4,52;
57,3,97;
67,4,96;
55,3,97;
56,4,78;
77,3,135;
18,3,33;
56,4,81;
7,4,8;
82,4,114;
75,3,128;
25,3,42;
46,3,78;
72,3,123;
54,4,78;
13,4,17;
18,4,27;
21,3,35;
85,4,122;
49,3,83;
5,4,9;
97,4,136;
87,3,149;
28,4,41;
18,3,33;
85,3,149;
15,4,23;
1,3,0;
5,4,6;
27,4,37;
89,4,127;
40,3,68;
26,3,44;
15,3,24;
6,3,12;
82,4,114;
74,4,106;
46,4,67;
49,4,71;
70,3,123;
88,3,151;
8,4,10;
11,3,21;
73,4,102;
60,3,102;
21,4,31;
29,4,40;
1,4,3;
97,3,167;
67,4,96;
16,4,21;
92,4,129;
13,4,20;
30,4,41;
76,3,130;
36,3,64;
88,3,151;
48,3,85;
74,4,106;
51,3,87;
69,4,99;
16,4,24;
78,3,134;
2,4,1;
23,4,34;
27,4,37;
99,4,142;
32,4,44;
56,4,78;
99,3,170;
61,3,107;
55,4,76;
38,3,64;
39,3,66;
60,3,102;
11,3,18;
16,3,29;
54,4,78;
41,4,56;
25,4,37;
87,4,122;
33,4,45;
12,3,22;
25,3,42;
9,4,11;
39,3,66;
43,4,59;
76,3,133;
80,4,112;
35,3,62;
64,3,112;
57,3,100;
67,4,93;
75,3,131;
2,4,1;
96,4,134;
49,4,71;
73,4,105;
45,3,76;
80,4,115;
36,3,61;
16,4,21;
66,4,92;
25,3,42;
47,3,80;
88,3,151;
14,4,18;
20,4,27;
59,3,101;
85,3,146;
82,3,144;
13,4,17;
3,3,7;
83,3,142;
82,4,117;
21,3,38;
70,3,123;
6,3,9;
72,4,100;
42,4,61;
44,4,61;
70,3,120;
70,4,100;
23,3,41;
61,4,85;
69,4,99;
84,4,120;
19,4,28;
3,4,6;
7,3,11;
34,3,60;
61,3,104;
54,3,95;
44,4,64;
85,4,119;
51,4,74;
15,3,27;
28,4,41;
6,3,9;
86,4,123;
66,4,92;
6,4,7;
58,3,99;
5,4,9;
81,3,142;
73,4,105;
83,4,119;
85,3,146;
45,3,76;
13,3,24;
85,3,146;
17,3,28;
100,4,140;
49,4,68;
44,3,75;
54,4,78;
32,3,57;
98,4,140;
35,3,62;
57,4,79;
20,4,27;
77,3,135;
81,3,142;
98,4,137;
9,4,11;
88,4,126;
48,4,69;
88,4,123;
26,3,44;
30,4,41;
19,4,25;
76,3,133;
100,3,175;
43,4,59;
54,4,75;
34,4,50;
58,4,81;
91,3,159;
27,4,40;
24,4,35;
82,3,141;
68,4,95;
39,3,66;
10,3,19;
90,4,126;
75,3,131;
62,3,109;
96,4,134;
54,3,92;
47,3,83;
85,4,122;
58,3,99;
2,3,2;
31,4,42;
65,4,90;
69,4,99;
53,3,93;
18,4,24;
37,4,51;
47,4,65;
96,4,137;
9,4,11;
57,3,100;
95,3,166;
93,3,160;
42,4,61;
77,3,135;
32,3,54;
98,4,137;
57,3,97;
44,4,64;
3,4,3;
71,3,124;
47,3,80;
59,4,85;
51,4,71;
63,3,111;
56,4,78;
24,3,40;
89,4,124;
98,4,140;
71,3,121;
77,3,132;
94,4,131;
100,4,140;
61,4,88;
17,3,28;
85,3,149;
18,3,30;
44,4,61;
5,4,6;
66,3,113;
57,3,100;
62,3,106;
34,3,57;
83,3,142;
55,3,94;
63,4,88;
16,4,21;
87,3,152;
35,4,48;
26,3,47;
29,4,40;
62,4,89;
29,4,43;
9,4,11;
100,3,172;
44,3,78;
80,3,137;
81,3,142;
7,3,11;
44,3,75;
24,3,43;
39,4,57;
60,3,102;
8,4,10;
93,3,163;
80,4,115;
32,3,54;
95,3,163;
77,3,135;
45,4,65;
48,3,82;
30,3,50;
47,3,80;
10,4,13;
57,4,79;
96,3,165;
75,3,128;
20,4,30;
98,3,171;
33,4,48;
39,3,66;
25,3,45;
88,3,151;
19,3,31;
35,3,62;
49,3,86;
39,4,57;
40,4,55;
53,3,90;
92,4,132;
80,4,115;
77,4,110;
58,4,81;
61,3,107;
24,3,43;
57,4,79;
31,4,42;
91,4,130;
45,4,62;
11,3,18;
75,3,128;
64,3,109;
27,3,48;
38,4,52;
62,3,106;
36,4,49;
34,3,60;
85,3,146;
68,4,95;
18,3,30;
25,4,37;
79,4,113;
95,3,163;
77,3,132;
38,3,67;
84,4,117;
10,3,19;
31,4,45;
92,4,129;
48,3,82;
97,3,167;
79,3,138;
48,3,85;
60,4,83;
98,4,140;
14,4,18;
26,4,38;
7,4,8;
91,3,159;
82,4,114;
78,4,109;
67,4,96;
3,3,4;
13,4,17;
24,3,43;
28,4,38;
12,3,22;
67,3,115;
89,3,156;
4,3,5;
76,3,130;
96,4,134;
91,4,127;
46,4,67;
88,4,126;
15,3,27;
54,4,75;
49,4,68;
55,3,94;
55,3,97;
19,4,25;
60,4,83;
51,4,74;
76,4,109;
44,3,78;
55,4,76;
62,3,106;
45,3,76;
61,3,107;
87,4,125;
69,4,99;
90,4,129;
17,3,31;
81,4,116;
89,4,124;
58,3,99;
42,3,74;
17,3,31;
81,3,139;
47,3,80;
74,3,127;
98,4,137;
51,3,90;
57,3,97;
33,4,48;
53,3,90;
99,4,139;
92,3,161;
40,3,71;
48,3,82;
62,4,89;
68,3,116;
68,3,119;
26,4,35;
66,4,95;
80,4,112;
96,3,165;
78,3,137;
88,4,126;
47,3,80;
59,4,82;
87,3,152;
24,4,32;
8,4,10;
1,4,0;
71,4,99;
79,4,113;
31,4,42;
36,4,49;
32,3,54;
84,3,144;
17,3,31;
7,3,11;
93,4,130;
38,3,64;
52,3,89;
1,4,0;
57,4,82;
88,4,123;
65,4,93;
47,3,80;
51,4,71;
34,4,50;
93,3,160;
73,3,125;
47,3,80;
38,4,52;
47,3,80;
68,4,98;
34,4,50;
54,3,95;
77,3,135;
36,4,52;
80,4,112;
70,4,100;
10,4,16;
96,4,134;
87,3,152;
7,4,11;
21,4,28;
11,4,14;
66,4,92;
19,3,34;
39,3,66;
2,3,5;
13,4,17;
12,3,19;
72,3,123;
7,4,11;
63,3,108;
4,3,5;
66,3,116;
38,3,64;
31,4,45;
42,4,58;
27,3,45;
1,4,0;
38,3,64;
55,3,97;
69,4,99;
7,4,8;
94,3,161;
4,4,7;
49,4,71;
55,4,76;
56,4,78;
58,4,84;
48,4,66;
24,4,32;
79,3,135;
57,3,100;
96,3,165;
60,3,105;
34,3,60;
78,3,137;
49,3,83;
59,3,101;
82,3,141;
92,4,132;
53,4,73;
91,4,127;
62,3,109;
29,3,49;
32,4,44;
59,4,82;
32,4,47;
57,3,97;
77,4,107;
20,3,36;
68,4,95;
41,4,59;
54,4,78;
26,4,38;
12,4,18;
72,3,126;
29,3,52;
20,4,30;
86,4,120;
84,4,117;
13,3,24;
50,3,88;
94,4,131;
4,4,4;
60,4,86;
50,4,72;
62,4,89;
10,4,16;
71,4,99;
76,3,133;
83,3,142;
95,3,163;
44,4,64;
68,4,95;
15,3,24;
6,3,12;
35,4,48;
40,4,58;
11,3,21;
65,4,93;
13,3,21;
77,3,135;
54,3,95;
80,4,112;
97,4,139;
59,3,101;
36,4,49;
89,4,124;
62,3,109;
19,3,34;
25,3,42;
47,4,65;
100,4,140;
82,3,144;
61,4,85;
70,3,120;
83,3,145;
83,3,142;
25,3,45;
17,4,26;
88,4,126;
83,4,119;
98,3,168;
68,3,119;
65,4,90;
95,3,163;
90,4,129;
19,3,31;
5,3,10;
70,4,100;
83,3,145;
26,3,44;
13,3,21;
3,4,3;
91,4,127;
49,4,71;
3,4,6;
91,4,130;
77,3,135;
50,4,69;
78,3,134;
7,3,14;
35,4,48;
94,4,134;
89,3,153;
7,3,11;
38,3,67;
75,3,128;
37,4,51;
100,4,140;
20,3,36;
85,4,119;
68,3,119;
19,3,31;
16,4,24;
46,3,81;
2,3,5;
77,3,132;
92,3,161;
35,4,51;
21,4,28;
35,4,51;
50,3,85;
79,4,113;
93,3,163;
43,3,76;
45,4,62;
14,4,18;
84,4,117;
77,4,110;
83,3,142;
36,3,64;
91,4,127;
30,3,50;
81,4,113;
97,3,170;
82,4,114;
1,3,3;
5,4,6;
11,3,21;
69,3,118;
37,3,63;
31,3,52;
62,3,106;
26,4,35;
90,4,129;
50,4,72;
59,4,82;
81,3,139;
35,3,59;
43,4,62;
4,3,5;
89,3,153;
24,3,43;
71,3,121;
65,4,93;
86,4,120;
63,4,91;
73,4,102;
65,4,93;
64,3,109;
30,3,50;
50,4,72;
72,4,103;
46,4,67;
32,3,57;
50,4,69;
68,3,119;
19,3,34;
65,3,111;
44,4,64;
16,4,24;
2,4,1;
25,3,45;
22,4,33;
85,3,149;
44,3,78;
5,3,10;
7,3,14;
11,3,18;
52,3,92;
3,4,3;
1,4,3;
53,4,76;
74,3,130;
53,3,93;
3,3,7;
86,4,123;
29,4,43;
50,3,88;
22,4,33;
63,3,108;
64,3,109;
37,4,54;
68,4,95;
77,3,132;
37,4,54;
13,4,17;
75,4,108;
100,4,140;
69,4,96;
4,3,5;
17,3,31;
72,4,103;
51,3,87;
77,4,107;
80,3,140;
18,3,30;
13,4,20;
53,4,76;
68,3,116;
97,3,167;
66,3,113;
73,4,102;
38,3,64;
25,4,34;
27,3,45;
32,3,54;
81,3,142;
67,3,115;
56,3,95;
47,3,80;
80,3,140;
19,4,25;
72,4,103;
87,4,125;
91,3,156;
41,3,70;
59,4,85;
25,3,45;
92,3,161;
38,4,52;
99,4,142;
41,4,56;
45,3,79;
93,4,133;
29,3,49;
93,4,130;
76,3,130;
33,3,59;
80,4,112;
82,3,141;
83,3,145;
98,4,140;
86,4,120;
40,3,68;
4,3,5;
33,4,45;
45,3,76;
70,3,120;
57,3,97;
95,3,163;
70,4,97;
74,4,103;
23,3,41;
83,3,145;
60,3,105;
22,3,40;
91,3,159;
17,4,26;
90,3,157;
88,4,126;
87,3,152;
54,4,75;
36,3,61;
52,4,75;
15,4,23;
97,4,136;
84,3,147;
79,3,138;
32,3,57;
54,3,92;
53,4,73;
86,4,123;
37,3,63;
87,4,125;
69,4,96;
92,3,161;
36,4,52;
47,3,80;
85,3,149;
78,4,112;
7,3,14;
59,3,101;
78,4,109;
76,4,109;
60,3,102;
39,3,66;
74,4,106;
53,4,76;
93,4,133;
83,3,145;
29,4,43;
51,4,71;
53,3,90;
65,3,114;
8,4,13;
100,3,172;
58,3,99;
24,4,35;
65,4,93;
57,4,79;
44,4,61;
81,3,139;
22,3,40;
45,3,79;
25,4,34;
81,3,142;
59,4,85;
23,3,38;
89,4,127;
1,4,3;
41,3,70;
47,3,80;
43,3,76;
30,3,53;
92,4,129;
99,4,142;
58,4,81;
5,3,7;
75,4,105;
75,4,108;
48,3,82;
91,3,159;
56,4,81;
6,4,7;
47,3,83;
42,3,74;
94,3,164;
62,3,106;
17,3,31;
72,4,103;
51,4,71;
70,3,120;
55,4,76;
72,3,126;
4,3,8;
91,3,156;
58,4,81;
58,4,84;
37,3,63;
22,4,30;
91,4,127;
92,3,158;
85,4,119;
58,3,99;
4,3,5;
86,3,150;
56,4,78;
30,4,44;
9,3,17;
31,4,42;
81,4,116;
41,3,73;
17,4,23;
77,4,110;
23,4,34;
59,3,101;
58,4,81;
86,3,147;
91,3,156;
65,4,90;
84,4,117;
52,3,89;
6,4,7;
88,3,151;
95,3,163;
98,3,168;
96,3,168;
28,3,50;
67,4,93;
77,4,107;
88,3,151;
35,3,59;
36,4,49;
92,3,158;
18,4,24;
86,4,120;
31,4,42;
57,4,79;
24,3,40;
63,4,88;
87,4,122;
23,3,41;
14,3,23;
66,4,92;
93,3,160;
48,4,69;
2,3,5;
81,3,139;
65,4,93;
99,4,142;
74,3,130;
39,4,54;
78,3,137;
64,4,89;
2,3,2;
19,3,31;
37,4,51;
77,3,132;
81,3,139;
56,4,81;
35,4,48;
50,3,88;
50,4,69;
71,4,99;
33,3,56;
71,3,124;
28,4,38;
18,4,27;
90,3,154;
82,3,141;
44,4,61;
3,3,7;
85,4,122;
41,4,56;
67,3,115;
32,3,54;
96,3,168;
100,3,175;
1,3,3;
14,4,21;
78,4,109;
1,4,0;
78,3,137;
54,3,95;
9,3,14;
58,4,81;
28,4,38;
90,4,126;
72,3,123;
27,4,40;
3,3,7;
80,4,112;
14,3,23;
61,3,104;
15,3,24;
1,3,3;
33,3,56;
59,4,85;
40,3,68;
50,4,69;
52,4,75;
96,3,165;
34,3,57;
78,3,137;
57,4,82;
41,3,70;
23,3,38;
56,4,78;
49,4,68;
92,4,132;
20,4,30;
56,3,95;
85,3,149;
10,4,16;
15,4,20;
79,4,110;
98,3,171;
36,3,61;
30,4,44;
70,4,97;
31,3,55;
51,4,74;
49,4,68;
2,4,4;
55,4,76;
93,3,163;
60,3,105;
67,3,115;
61,3,104;
80,3,137;
45,3,79;
84,4,120;
70,3,120;
18,4,24;
60,3,105;
59,3,101;
52,3,89;
20,4,30;
66,4,95;
51,3,87;
45,4,62;
47,4,65;
85,3,146;
82,3,141;
42,4,61;
42,3,74;
97,4,139;
23,3,41;
58,4,84;
95,3,166;
75,3,131;
23,4,34;
27,4,37;
3,3,7;
80,3,137;
79,3,135;
38,4,52;
52,4,75;
73,4,102;
85,3,149;
36,3,61;
22,4,30;
4,3,8;
80,4,115;
59,4,85;
91,3,156;
77,4,110;
38,3,64;
55,4,76;
86,4,123;
20,4,27;
9,3,17;
59,4,82;
10,4,13;
99,4,139;
66,3,113;
60,4,83;
84,4,117;
84,3,147;
59,3,101;
40,4,55;
19,4,28;
70,4,97;
45,3,79;
95,4,136;
89,3,153;
84,4,120;
5,3,7;
72,4,103;
14,3,26;
51,4,74;
81,4,113;
91,4,127;
38,4,52;
32,3,54;
94,4,134;
7,3,11;
35,4,48;
53,4,73;
100,4,143;
38,3,67;
61,3,104;
96,3,165;
48,4,69;
1,4,0;
88,4,126;
19,3,31;
96,3,165;
8,3,15;
14,3,26;
64,3,112;
75,3,128;
18,3,30;
19,3,31;
42,4,58;
3,4,3;
83,3,145;
84,4,117;
76,4,106;
97,4,139;
7,4,8;
64,4,89;
25,3,42;
55,3,97;
88,3,151;
74,4,103;
32,3,54;
96,4,137;
74,4,106;
65,3,111;
90,4,126;
46,3,81;
89,3,156;
91,4,127;
83,3,142;
58,4,84;
91,4,127;
4,4,7;
95,3,163;
22,4,33;
98,3,168;
90,3,154;
87,3,149;
63,4,91;
72,4,100;
75,3,131;
71,3,124;
28,4,41;
69,4,96;
68,4,95;
67,3,115;
72,4,100;
82,3,141;
45,4,62;
95,4,133;
12,3,22;
23,3,41;
48,4,69;
20,4,27;
30,4,41;
93,4,133;
88,4,126;
89,3,153;
10,3,16;
41,3,70;
31,3,55;
80,3,140;
34,4,47;
4,3,8;
15,3,27;
32,3,54;
83,4,116;
64,4,89;
1,3,3;
75,3,131;
77,3,135;
29,3,52;
41,3,70;
26,4,35;
61,4,85;
2,4,1;
26,3,44;
49,3,83;
94,4,131;
15,3,24;
21,3,35;
3,3,4;
91,3,159;
85,4,119;
10,3,16;
79,4,110;
55,3,97;
86,3,147;
89,3,156;
52,4,75;
12,3,22;
30,4,44;
41,4,59;
66,4,92;
84,4,120;
38,4,55;
80,3,140;
3,4,6;
86,4,120;
99,3,173;
61,4,88;
42,4,61;
31,4,42;
95,4,133;
66,3,116;
60,4,83;
48,3,85;
51,4,71;
58,3,99;
92,4,132;
90,4,129;
60,3,105;
38,4,55;
22,4,33;
48,4,69;
20,4,27;
93,4,133;
2,3,5;
9,4,11;
32,4,47;
99,4,139;
83,3,145;
1,4,3;
17,4,26;
41,4,59;
31,3,55;
43,4,62;
97,4,139;
38,3,64;
83,4,116;
3,4,3;
5,4,9;
22,4,33;
82,4,114;
87,3,152;
73,3,125;
18,3,30;
83,3,142;
92,3,158;
20,3,36;
5,3,10;
90,4,129;
2,3,5;
77,3,135;
7,3,14;
41,3,70;
13,3,24;
68,3,116;
86,4,120;
13,3,24;
29,3,52;
61,3,107;
76,3,130;
89,4,124;
21,3,35;
71,4,102;
28,3,47;
16,4,21;
92,4,132;
82,4,117;
99,4,142;
85,3,146;
18,3,33;
17,4,26;
64,3,109;
4,4,7;
5,3,10;
89,3,156;
27,4,37;
39,4,57;
49,3,83;
66,4,92;
100,4,140;
62,4,89;
44,3,75;
80,4,115;
87,4,122;
30,4,41;
52,4,72;
63,3,111;
13,3,21;
45,4,62;
21,4,28;
14,3,23;
30,3,53;
15,4,23;
77,4,110;
11,4,17;
51,4,71;
5,3,10;
76,4,109;
58,4,84;
53,4,76;
15,3,24;
51,4,71;
79,4,110;
27,3,48;
32,4,47;
77,3,132;
96,3,168;
55,4,76;
54,4,78;
34,4,50;
89,4,124;
32,3,54;
5,4,6;
97,4,136;
83,3,142;
16,4,21;
68,4,98;
46,3,78;
93,3,160;
71,3,121;
19,3,31;
40,3,71;
19,4,28;
25,3,42;
50,3,85;
32,3,54;
9,3,14;
15,4,23;
47,4,65;
41,3,73;
44,3,78;
42,4,61;
91,3,156;
1,3,3;
28,3,47;
8,3,15;
84,4,117;
5,4,6;
45,4,62;
38,4,55;
72,4,100;
22,4,30;
77,3,132;
95,3,166;
99,3,173;
47,3,83;
81,3,139;
48,3,85;
15,4,20;
6,4,10;
49,4,68;
46,4,64;
87,3,152;
74,4,106;
36,4,52;
61,3,104;
19,4,28;
56,3,95;
49,4,68;
81,3,142;
64,3,112;
49,3,83;
77,4,110;
21,4,28;
61,4,85;
59,3,104;
61,4,88;
20,3,33;
58,4,81;
99,4,139;
100,3,172;
21,4,31;
76,4,109;
31,3,52;
75,4,105;
34,3,57;
44,4,61;
52,3,89;
10,4,16;
14,4,21;
93,4,130;
74,4,103;
85,4,122;
49,4,71;
26,3,44;
80,4,115;
61,4,88;
45,4,65;
95,3,163;
45,4,65;
78,4,112;
92,4,129;
97,3,170;
84,4,120;
55,4,79;
86,3,147;
84,4,120;
93,4,133;
52,4,72;
50,3,88;
68,4,95;
31,3,55;
31,3,52;
64,4,92;
15,3,24;
46,4,64;
2,4,1;
98,3,171;
66,4,92;
28,3,47;
85,4,122;
4,3,8;
25,3,45;
85,3,149;
97,4,136;
56,3,98;
94,4,131;
62,4,89;
50,4,72;
48,4,66;
13,4,17;
4,4,7;
24,3,40;
64,4,92;
38,4,55;
32,4,47;
35,3,62;
35,3,62;
32,3,57;
50,4,72;
31,3,52;
38,4,52;
98,4,137;
10,3,16;
15,4,23;
92,4,132;
18,3,33;
38,4,55;
80,4,115;
61,4,85;
39,4,54;
16,4,21;
7,3,14;
1,3,0;
1,3,3;
40,4,58;
48,3,85;
68,4,98;
77,3,135;
6,4,7;
85,4,119;
85,3,149;
11,4,14;
42,4,58;
86,3,147;
62,4,89;
77,4,110;
64,4,92;
57,3,100;
22,3,37;
80,3,140;
52,3,92;
87,4,125;
20,4,30;
9,3,17;
75,4,108;
52,3,89;
76,4,109;
36,3,64;
89,3,156;
17,3,31;
57,4,79;
84,4,117;
87,3,152;
35,3,59;
38,3,64;
77,3,132;
28,4,38;
84,3,144;
22,4,33;
75,4,108;
53,4,73;
61,3,107;
73,3,125;
14,3,23;
37,3,63;
10,4,16;
17,4,23;
14,3,26;
36,3,61;
11,4,14;
7,3,11;
32,4,47;
69,4,96;
64,3,109;
39,4,57;
86,3,150;
1,4,3;
29,3,52;
44,4,61;
24,3,43;
86,4,123;
33,3,56;
62,4,89;
17,4,26;
63,3,111;
55,3,94;
13,4,17;
97,3,167;
99,4,142;
92,4,129;
43,3,73;
27,4,40;
63,3,108;
55,3,97;
3,3,7;
97,4,136;
77,3,132;
36,4,49;
51,4,74;
78,4,109;
98,3,171;
18,3,30;
71,4,99;
67,4,96;
70,4,97;
86,3,147;
81,3,139;
50,3,88;
79,4,113;
77,3,135;
90,4,126;
78,4,109;
25,4,34;
75,3,128;
30,3,53;
95,4,136;
48,4,66;
28,4,38;
18,3,30;
18,4,27;
62,4,89;
87,4,122;
99,3,170;
74,3,127;
16,3,26;
82,4,117;
4,3,8;
82,3,141;
93,3,163;
38,4,52;
99,3,170;
44,3,78;
71,3,124;
88,3,154;
52,4,72;
88,3,151;
58,4,84;
51,3,90;
27,4,40;
51,4,71;
22,3,37;
94,3,161;
63,4,88;
43,4,59;
73,4,105;
68,4,98;
6,4,10;
96,3,168;
80,3,137;
90,4,129;
69,3,121;
17,3,31;
41,3,70;
51,4,71;
99,3,173;
53,3,93;
69,4,96;
8,4,10;
66,4,95;
9,4,14;
63,3,111;
62,4,86;
27,4,37;
52,3,89;
58,4,84;
11,4,14;
100,4,140;
94,4,134;
81,4,116;
62,4,86;
56,3,95;
72,3,126;
84,4,117;
34,3,60;
49,3,86;
81,3,142;
8,4,13;
15,3,24;
57,4,82;
98,4,137;
17,3,28;
11,3,18;
26,4,35;
29,4,40;
25,4,37;
48,3,82;
27,3,48;
85,3,146;
10,4,13;
59,3,104;
1,3,3;
29,4,40;
19,4,28;
39,3,69;
24,4,32;
71,3,121;
86,3,147;
48,3,85;
1,4,0;
9,3,17;
71,4,102;
48,4,66;
5,3,10;
40,3,68;
83,3,145;
49,3,83;
67,4,93;
80,3,140;
97,3,167;
75,3,128;
49,4,71;
67,3,118;
93,4,130;
89,4,124;
97,4,136;
16,4,24;
37,4,51;
38,4,52;
6,4,10;
64,4,89;
25,4,34;
63,4,91;
71,3,121;
58,3,102;
24,4,32;
55,4,76;
28,3,47;
33,4,45;
15,4,23;
77,4,110;
94,4,131;
75,3,131;
29,3,49;
60,4,86;
63,4,91;
86,4,120;
88,4,126;
68,3,116;
90,4,129;
91,4,127;
53,4,76;
46,4,64;
61,3,104;
38,3,67;
73,3,128;
37,3,63;
82,4,114;
4,4,7;
67,3,115;
54,4,78;
44,4,61;
75,4,108;
95,4,136;
69,3,121;
51,4,74;
60,3,102;
37,4,51;
34,3,57;
83,3,145;
47,3,83;
35,3,59;
42,4,61;
64,4,89;
84,4,117;
46,4,67;
34,3,60;
83,3,142;
25,3,45;
51,3,90;
67,3,118;
47,4,65;
76,3,133;
100,3,175;
40,4,58;
7,4,8;
69,3,118;
16,4,21;
67,4,96;
8,4,10;
33,4,48;
58,4,81;
5,3,7;
17,4,26;
87,4,122;
83,3,145;
35,3,62;
21,4,31;
34,3,57;
61,3,104;
65,4,90;
27,3,45;
74,3,127;
93,4,130;
18,3,33;
17,3,28;
54,3,95;
63,3,108;
27,4,37;
61,3,107;
61,3,107;
9,4,14;
56,3,95;
25,4,34;
11,4,17;
49,3,86;
5,3,10;
31,3,55;
66,4,95;
32,4,47;
11,4,14;
55,4,79;
59,4,85;
16,3,29;
46,4,64;
58,4,84;
76,3,130;
80,3,137;
22,3,37;
63,3,111;
9,3,17;
14,4,21;
5,4,9;
59,3,101;
29,4,40;
56,4,78;
19,4,25;
63,4,91;
46,3,78;
50,4,72;
22,3,40;
53,4,73;
8,3,15;
82,3,144;
23,4,31;
16,4,24;
53,4,73;
59,3,101;
98,3,171;
40,4,58;
38,4,52;
7,3,11;
28,4,41;
19,4,25;
64,4,92;
56,4,81;
33,3,59;
91,4,130;
59,4,82;
32,4,44;
69,4,96;
32,4,44;
74,4,106;
94,4,134;
86,4,120;
92,3,161;
79,3,135;
30,3,53;
3,3,7;
56,4,81;
44,4,64;
21,3,35;
90,4,126;
59,4,85;
60,3,102;
7,3,14;
48,4,69;
45,4,62;
56,3,95;
26,4,38;
40,4,58;
6,4,10;
52,4,72;
39,4,54;
13,4,20;
81,4,116;
97,4,136;
95,3,163;
7,4,11;
11,3,18;
20,3,33;
100,3,172;
60,4,86;
50,4,69;
80,3,137;
5,4,9;
51,3,90;
93,4,130;
53,3,93;
84,3,147;
51,4,71;
73,3,128;
60,3,105;
98,3,171;
80,3,140;
4,3,8;
19,4,28;
11,4,17;
42,4,58;
71,3,124;
55,4,79;
37,4,51;
39,3,66;
27,4,40;
31,3,55;
55,4,76;
92,4,132;
10,3,19;
87,4,122;
13,4,20;
2,4,4;
29,4,40;
60,3,105;
27,3,48;
11,3,18;
46,4,64;
34,3,57;
54,3,92;
44,4,61;
59,3,104;
33,4,48;
99,4,142;
54,4,78;
10,3,19;
36,4,49;
23,4,31;
40,4,55;
75,4,108;
78,3,134;
68,3,119;
36,4,49;
88,4,126;
34,3,57;
1,4,3;
98,4,137;
45,4,65;
16,3,29;
36,3,64;
100,3,175;
31,3,52;
46,4,67;
13,3,21;
76,4,106;
43,4,62;
9,4,11;
83,3,145;
52,4,72;
97,3,170;
52,4,72;
85,4,122;
94,3,161;
90,4,129;
61,3,104;
100,4,140;
43,4,59;
59,3,101;
61,4,88;
92,4,132;
46,4,64;
54,3,95;
12,4,15;
37,4,51;
97,4,139;
42,4,61;
4,4,7;
61,4,85;
32,4,44;
3,4,3;
54,4,78;
4,3,8;
73,3,128;
78,3,137;
11,4,14;
47,3,83;
97,3,167;
90,4,129;
25,3,42;
57,4,79;
1,4,3;
89,4,127;
62,3,106;
78,4,109;
70,3,120;
86,4,123;
54,3,95;
64,3,109;
76,3,133;
99,3,170;
11,4,14;
54,4,78;
12,4,15;
78,3,137;
35,4,48;
80,4,115;
62,4,89;
48,3,85;
40,3,71;
62,3,109;
34,3,60;
17,3,28;
31,4,42;
85,3,149;
25,3,42;
60,3,102;
56,4,81;
52,3,89;
22,3,40;
49,3,83;
77,3,135;
5,3,7;
57,3,100;
98,4,140;
12,3,22;
10,4,13;
36,3,64;
16,3,26;
74,3,130;
73,3,125;
40,3,68;
11,3,18;
19,3,34;
79,3,138;
36,3,64;
43,3,73;
78,4,112;
87,3,152;
33,3,59;
91,3,156;
98,4,140;
49,3,83;
1,4,0;
40,4,58;
95,3,163;
95,4,133;
73,3,125;
65,3,114;
62,4,86;
69,4,96;
81,3,139;
70,4,100;
91,3,156;
79,3,135;
92,3,161;
40,3,71;
57,4,79;
96,4,137;
21,4,31;
40,4,58;
99,3,170;
22,3,40;
13,4,17;
59,4,85;
48,4,69;
3,4,3;
62,4,86;
14,4,21;
67,3,118;
91,3,156;
31,3,55;
96,3,165;
15,3,24;
60,4,83;
80,4,115;
89,3,153;
10,3,19;
33,4,48;
44,4,61;
86,3,147;
53,4,73;
29,4,43;
92,4,132;
80,3,137;
78,3,134;
95,4,136;
5,3,10;
85,3,146;
89,3,153;
37,4,51;
90,4,126;
7,3,14;
90,3,157;
81,4,113;
12,4,15;
57,3,100;
70,4,97;
6,4,10;
37,4,51;
47,3,80;
82,3,144;
20,3,33;
90,4,126;
90,4,126;
45,4,65;
42,4,61;
1,4,0;
96,3,168;
43,3,73;
37,3,63;
64,3,109;
41,3,73;
95,3,163;
72,3,123;
83,4,116;
68,3,116;
97,4,136;
92,4,129;
87,3,152;
99,4,139;
13,3,21;
56,3,95;
74,4,106;
40,3,71;
11,4,17;
60,4,86;
59,4,85;
89,3,153;
46,4,67;
2,4,1;
55,3,94;
35,3,59;
83,3,142;
84,4,120;
35,4,48;
13,3,21;
44,3,75;
100,4,143;
83,3,145;
28,3,50;
64,4,92;
11,4,14;
66,4,92;
51,4,71;
34,4,47;
66,4,92;
28,4,38;
82,4,117;
40,3,68;
15,4,20;
2,3,2;
1,3,0;
8,3,15;
96,4,137;
47,3,83;
88,3,151;
21,4,28;
32,4,47;
63,4,88;
24,3,40;
96,3,165;
36,3,61;
69,3,121;
59,4,85;
10,3,16;
85,4,122;
77,4,110;
92,4,129;
65,3,111;
43,4,59;
9,3,17;
43,4,59;
83,4,116;
28,3,50;
10,3,19;
41,4,56;
88,4,126;
49,3,83;
42,3,74;
90,4,129;
67,4,93;
17,4,26;
78,4,109;
93,3,160;
23,3,41;
56,3,98;
76,3,130;
88,3,154;
91,4,127;
35,3,59;
38,4,55;
63,3,108;
39,4,54;
84,3,144;
36,4,49;
24,4,32;
85,4,122;
26,3,44;
32,3,57;
35,4,48;
40,4,58;
37,4,54;
84,3,144;
41,4,56;
21,4,31;
95,4,133;
86,4,120;
38,3,64;
74,3,130;
94,4,134;
22,4,33;
21,4,31;
88,3,154;
66,3,113;
10,4,16;
34,4,50;
86,3,150;
13,3,24;
58,4,84;
52,4,75;
31,3,52;
8,3,12;
23,3,41;
42,3,71;
19,4,28;
69,3,121;
48,3,85;
58,3,102;
55,4,79;
9,4,14;
26,3,44;
98,3,171;
37,4,54;
55,3,97;
75,3,131;
74,3,130;
31,3,52;
89,4,124;
37,3,66;
35,4,48;
59,3,101;
5,3,10;
18,4,27;
78,4,112;
81,3,142;
2,3,2;
66,4,92;
27,3,45;
70,4,97;
12,3,22;
69,4,96;
15,3,27;
69,4,96;
59,3,101;
43,4,59;
47,4,65;
95,3,166;
17,4,26;
95,4,133;
62,3,109;
40,4,58;
25,4,37;
78,3,137;
34,4,47;
38,3,67;
44,3,78;
18,3,30;
22,3,40;
72,3,126;
77,3,132;
59,4,85;
50,3,88;
12,3,22;
29,3,52;
14,3,23;
78,3,134;
48,4,66;
14,3,23;
49,3,86;
34,4,50;
95,4,133;
34,3,60;
78,3,134;
76,4,106;
80,4,115;
89,4,124;
25,4,37;
72,4,100;
16,4,24;
24,4,35;
61,3,107;
89,4,124;
97,4,139;
77,4,107;
75,4,108;
82,3,141;
59,4,85;
33,3,56;
83,4,119;
77,4,110;
62,3,109;
86,4,120;
3,4,6;
84,4,117;
72,3,123;
84,4,120;
51,4,71;
9,3,17;
92,3,158;
5,4,9;
99,3,173;
57,4,82;
3,3,7;
66,4,92;
1,3,0;
81,4,113;
68,4,95;
14,3,23;
19,4,28;
47,4,65;
86,4,120;
45,4,62;
68,4,95;
46,3,81;
1,3,0;
69,4,96;
73,4,105;
7,4,11;
85,3,149;
78,4,109;
60,4,86;
71,4,99;
59,4,82;
96,4,134;
29,3,52;
19,3,34;
28,3,50;
98,3,168;
19,4,25;
78,4,109;
79,3,135;
72,4,100;
13,3,21;
75,3,131;
2,4,4;
22,4,30;
91,3,156;
52,4,72;
16,4,24;
13,4,17;
21,3,35;
89,4,124;
69,3,121;
92,3,158;
39,4,57;
94,3,161;
84,4,117;
45,3,76;
30,4,41;
90,3,157;
44,3,75;
2,4,1;
56,3,95;
77,4,110;
82,3,141;
87,4,122;
49,4,71;
85,4,122;
2,4,4;
3,4,3;
82,4,114;
11,3,18;
7,3,14;
11,4,17;
39,4,57;
81,3,142;
34,4,47;
45,3,79;
58,3,102;
23,4,31;
36,4,52;
68,4,95;
